1 2 3 4
5 6 7 8
9 10 11 12
2 5 8 2
4 7 8 9
9 10 8 12
4 5 8 2
2 6 2 8
1 2 3 4
5 6 7 8
9 10 11 12
2 5 8 2
4 7 8 9
9 10 8 12
4 5 8 2
2 6 2 8
1 2 3 4
5 6 7 8
9 10 11 12
2 5 8 2
1 2 3 4
5 6 7 8
9 10 11 12
2 5 8 2
4 7 8 9
9 10 8 12
4 5 8 2
2 6 2 8
1 2 3 4
5 6 7 8
9 10 11 12
2 5 8 2
4 7 8 9
5 6 7 8
2 6 2 8
9 10 8 12
1 2 3 4
5 6 7 8
4 5 8 2
4 6 8 8
9 10 8 12
1 2 3 4
5 6 7 8
9 10 11 12
2 5 8 2
4 7 8 9
2 6 2 8
5 6 7 8
9 10 11 12
1 2 3 4
2 6 2 8
5 6 7 8
7 10 10 12
5 8 7 8
4 7 10 9
7 6 10 12
2 8 2 8
5 4 7 10
7 10 10 12
5 6 9 8
4 7 8 9
5 6 7 8
2 6 2 8
9 10 8 12
1 2 3 4
5 6 7 8
4 5 8 2
4 6 8 8
9 10 8 12
1 2 3 4
5 6 7 8
9 10 11 12
2 5 8 2
4 7 8 9
2 6 2 8
5 6 7 8
9 10 11 12
1 2 3 4
2 6 2 8
5 6 7 8
7 10 10 12
5 8 7 8
4 7 10 9
7 6 10 12
2 8 2 8
5 4 7 10
1 2 3 4
5 6 7 8
9 10 11 12
2 5 8 2
4 7 8 9
9 10 8 12
4 5 8 2
2 6 2 8
1 2 3 4
5 6 7 8
9 10 11 12
2 5 8 2
4 7 8 9
5 6 7 8